    0.01562    13.44433      0.00657      0.09043    181.87652      0.00344      0.55748      0.05775     -0.00507      1.40748  
    0.04688    16.20773      0.02535      0.17469    264.78136      0.03078      1.11437      0.28550      0.00141      3.15064  
    0.07812    17.54343      0.04408      0.14691    310.44669      0.09214      1.64820      0.51730      0.00090      2.88169  
    0.10938    18.36403      0.06690      0.05363    340.30171      0.18033      1.63801      0.82788     -0.01062      1.16863  
    0.14062    18.85966      0.08406     -0.02111    359.04793      0.29952      1.62203      1.00287     -0.03770     -0.25054  
    0.17188    19.36842      0.10191      0.00596    379.03815      0.42599      1.57317      1.15630     -0.08796      0.44461  
    0.20312    20.47623      0.10846      0.07815    424.08559      0.54422      1.58905      1.19967     -0.14384      2.27025  
    0.23438    20.84846      0.10376      0.08679    439.00381      0.63269      1.46839      1.16343     -0.16074      2.51846  
    0.26562    21.25447      0.09263      0.07927    456.11844      0.69257      1.43662      0.91345     -0.15566      2.37079  
    0.29688    21.44778      0.08154      0.07428    463.94849      0.73824      1.29771      0.72185     -0.12364      2.20365  
    0.32812    21.65227      0.06858      0.06367    472.58602      0.76992      1.20930      0.45547     -0.08983      1.95310  
    0.35938    21.78530      0.05980      0.04097    477.97576      0.79220      1.08845      0.33438     -0.04425      1.40637  
    0.39062    21.96249      0.04924      0.03098    485.36741      0.79981      1.02465      0.16530     -0.01745      1.12001  
    0.42188    22.14655      0.04310      0.01652    493.10780      0.79220      0.93172      0.11015     -0.00309      0.71147  
    0.45312    22.35128      0.03301      0.01637    501.96219      0.76739      0.86943     -0.04555     -0.01200      0.65564  
    0.48438    22.55508      0.02531      0.02297    510.85318      0.72821      0.82765     -0.13358     -0.02829      0.76102  
    0.51562    22.75768      0.01366      0.03444    519.78865      0.67886      0.81918     -0.30896     -0.05267      0.96526  
    0.54688    22.94834      0.00594      0.03150    528.24977      0.62589      0.80794     -0.39061     -0.07488      0.81949  
    0.57812    23.11319     -0.00390      0.02275    535.65067      0.57500      0.77884     -0.54098     -0.08625      0.54322  
    0.60938    23.25948     -0.00853      0.00797    542.28880      0.53064      0.72334     -0.59600     -0.09476      0.16504  
    0.64062    23.38754     -0.01364     -0.00815    548.14821      0.49344      0.65556     -0.67634     -0.10899     -0.20581  
    0.67188    23.49265     -0.01320     -0.01650    552.97872      0.46347      0.59632     -0.62699     -0.11802     -0.39877  
    0.70312    23.57475     -0.01431     -0.01021    556.73447      0.44173      0.54740     -0.60717     -0.11620     -0.24050  
    0.73438    23.65290     -0.01043      0.00673    560.34597      0.43007      0.48194     -0.46562     -0.10387      0.18258  
    0.76562    23.71882     -0.00794      0.02965    563.41671      0.42977      0.41391     -0.35857     -0.08159      0.73344  
    0.79688    23.78210     -0.00202      0.05466    566.37570      0.43909      0.37191     -0.17089     -0.05531      1.33248  
    0.82812    23.84410      0.00081      0.07723    569.30776      0.45482      0.36032     -0.05516     -0.03138      1.87624  
    0.85938    23.90499      0.00562      0.08897    572.23530      0.47380      0.36053      0.10730     -0.01033      2.15304  
    0.89062    23.96109      0.00677      0.08640    574.97285      0.49345      0.34895      0.18034      0.00931      2.07377  
    0.92188    24.00796      0.00992      0.08033    577.27808      0.51148      0.33705      0.29818      0.02627      1.90011  
    0.95312    24.04346      0.00954      0.08044    579.02851      0.52644      0.34000      0.32732      0.03864      1.87631  
    0.98438    24.06936      0.01068      0.08865    580.31187      0.53711      0.35288      0.39039      0.04291      2.06434  
    1.01562    24.08442      0.00761      0.10189    581.07362      0.54267      0.36613      0.35260      0.03592      2.39827  
    1.04688    24.08279      0.00507      0.11479    581.04028      0.54427      0.37571      0.32986      0.02117      2.73664  
    1.07812    24.05964     -0.00226      0.12929    579.99896      0.54352      0.38205      0.19529      0.00227      3.09818  
    1.10938    24.00536     -0.00886      0.14879    577.49476      0.54212      0.38879      0.08468     -0.01618      3.54955  
    1.14062    23.92214     -0.02005      0.16857    573.61534      0.54207      0.38672     -0.12987     -0.02923      3.98582  
    1.17188    23.81656     -0.02963      0.18448    568.65707      0.54382      0.36480     -0.30744     -0.03400      4.31664  
    1.20312    23.69642     -0.04179      0.20016    563.00654      0.54624      0.34497     -0.55093     -0.03552      4.63950  
    1.23438    23.56542     -0.04926      0.22148    556.88138      0.54819      0.34929     -0.68889     -0.03703      5.10387  
    1.26562    23.43202     -0.05694      0.24834    550.69442      0.55113      0.37489     -0.84094     -0.04263      5.70650  
    1.29688    23.29709     -0.05852      0.27849    544.45406      0.55471      0.41790     -0.86496     -0.05860      6.38872  
    1.32812    23.17386     -0.06066      0.30815    538.76920      0.55905      0.48276     -0.90720     -0.08667      7.05615  
    1.35938    23.05856     -0.05803      0.33482    533.45717      0.56338      0.57254     -0.83757     -0.11820      7.63368  
    1.39062    22.95441     -0.05762      0.35571    528.68687      0.56972      0.66344     -0.81806     -0.14789      8.04647  
    1.42188    22.85484     -0.05307      0.36481    524.16998      0.57703      0.73051     -0.70418     -0.16615      8.17601  
    1.45312    22.77996     -0.05123      0.35527    520.80458      0.58228      0.78926     -0.65880     -0.16816      7.90598  
    1.48438    22.71847     -0.04462      0.31781    518.04765      0.58163      0.84963     -0.51467     -0.15204      7.01121  
    1.51562    22.67462     -0.04168      0.26003    516.09110      0.57647      0.89386     -0.46398     -0.12105      5.67012  
    1.54688    22.61085     -0.03433      0.17992    513.23579      0.57041      0.93060     -0.31508     -0.08073      3.83480  
    1.57812    22.52550     -0.02924      0.08351    509.39936      0.56834      1.00311     -0.21529     -0.03421      1.65116  
    1.60938    22.39164     -0.01783     -0.02596    503.40851      0.57398      1.14489      0.04562      0.00050     -0.79664  
    1.64062    22.17732     -0.00949     -0.11926    493.83185      0.59112      1.25771      0.26879      0.00349     -2.80725  
    1.67188    21.90812      0.00419     -0.20357    482.09939      0.60769      1.40707      0.64977     -0.04092     -4.65420  
    1.70312    21.56540      0.01154     -0.28241    467.32421      0.61647      1.57582      0.86046     -0.08873     -6.34749  
    1.73438    21.21154      0.02288     -0.37555    452.55821      0.60820      1.80466      1.16936     -0.11562     -8.19857  
    1.76562    20.60400      0.02481     -0.41989    427.32547      0.58169      1.95965      1.19191     -0.10261     -8.81508  
    1.79688    20.07139      0.03175     -0.43832    406.33099      0.52585      2.07767      1.42979     -0.08698     -8.86912  
    1.82812    18.90678      0.02633     -0.41064    360.54754      0.43513      1.85585      1.14432     -0.02150     -7.52296  
    1.85938    18.34287      0.02018     -0.31598    339.06563      0.32001      1.69129      0.79379      0.01986     -5.42212  
    1.89062    17.82748      0.01291     -0.20786    320.20933      0.19743      1.54479      0.52483      0.04664     -3.35533  
    1.92188    17.03914      0.00856     -0.17155    292.51808      0.10555      1.56025      0.34307      0.03635     -2.75278  
    1.95312    15.76498      0.00491     -0.20737    250.43440      0.03604      1.15311      0.18240      0.00822     -3.31010  
    1.98438    13.08402      0.00245     -0.09748    172.40632      0.00403      0.64437      0.05462      0.00037     -1.25172  
